-0.07692307692307693 
-0.07751937984496124 
-0.078125 
-0.07874015748031496 
-0.07936507936507936 
-0.08 
-0.08064516129032258 
-0.08130081300813008 
-0.0819672131147541 
-0.08264462809917356 
-0.08333333333333333 
-0.08403361344537814 
-0.0847457627118644 
-0.08547008547008547 
-0.08620689655172414 
-0.08695652173913043 
-0.08771929824561403 
-0.08849557522123894 
-0.08928571428571429 
-0.0900900900900901 
-0.09090909090909091 
-0.09174311926605504 
-0.09259259259259259 
-0.09345794392523366 
-0.09433962264150944 
-0.09523809523809523 
-0.09615384615384615 
-0.0970873786407767 
-0.09803921568627452 
-0.09900990099009901 
-0.1 
-0.10101010101010101 
-0.1020408163265306 
-0.10309278350515465 
-0.10416666666666667 
-0.10526315789473684 
-0.10638297872340426 
-0.1075268817204301 
-0.10869565217391305 
-0.10989010989010989 
-0.1111111111111111 
-0.11235955056179778 
-0.11363636363636363 
-0.1149425287356322 
-0.11627906976744186 
-0.11764705882352941 
-0.11904761904761907 
-0.12048192771084336 
-0.12195121951219513 
-0.1234567901234568 
-0.125 
-0.12658227848101267 
-0.12820512820512822 
-0.12987012987012989 
-0.13157894736842105 
-0.13333333333333333 
-0.13513513513513514 
-0.136986301369863 
-0.1388888888888889 
-0.14084507042253522 
-0.14285714285714285 
-0.14492753623188406 
-0.14705882352941177 
-0.1492537313432836 
-0.15151515151515152 
-0.15384615384615385 
-0.15625 
-0.15873015873015872 
-0.16129032258064518 
-0.1639344262295082 
-0.16666666666666666 
-0.16949152542372883 
-0.1724137931034483 
-0.1754385964912281 
-0.17857142857142858 
-0.18181818181818182 
-0.1851851851851852 
-0.18867924528301888 
-0.19230769230769235 
-0.19607843137254904 
-0.2 
-0.2040816326530612 
-0.20833333333333337 
-0.21276595744680854 
-0.2173913043478261 
-0.2222222222222222 
-0.22727272727272727 
-0.23255813953488377 
-0.23809523809523814 
-0.24390243902439027 
-0.25 
-0.2564102564102564 
-0.2631578947368422 
-0.27027027027027034 
-0.2777777777777778 
-0.2857142857142857 
-0.29411764705882365 
-0.30303030303030315 
-0.31250000000000006 
-0.32258064516129037 
-0.3333333333333333 
-0.34482758620689674 
-0.35714285714285726 
-0.37037037037037046 
-0.3846153846153847 
-0.4 
-0.4166666666666669 
-0.4347826086956524 
-0.4545454545454547 
-0.4761904761904763 
-0.5 
-0.5263157894736846 
-0.5555555555555559 
-0.5882352941176473 
-0.6250000000000001 
-0.6666666666666666 
-0.714285714285715 
-0.7692307692307698 
-0.8333333333333338 
-0.9090909090909094 
-1.0 
-1.111111111111113 
-1.2500000000000018 
-1.42857142857143 
-1.6666666666666676 
-2.0 
-1.6666666666666627 
-1.4285714285714264 
-1.249999999999999 
-1.1111111111111107 
-1.0 
-0.909090909090908 
-0.8333333333333326 
-0.7692307692307688 
-0.7142857142857141 
-0.6666666666666666 
-0.6249999999999994 
-0.5882352941176467 
-0.5555555555555554 
-0.5263157894736841 
-0.5 
-0.4761904761904759 
-0.4545454545454543 
-0.43478260869565205 
-0.41666666666666663 
-0.4 
-0.3846153846153844 
-0.37037037037037024 
-0.35714285714285704 
-0.3448275862068965 
-0.3333333333333333 
-0.32258064516129015 
-0.3124999999999999 
-0.303030303030303 
-0.2941176470588235 
-0.2857142857142857 
-0.2777777777777777 
-0.2702702702702702 
-0.26315789473684204 
-0.2564102564102564 
-0.25 
-0.24390243902439016 
-0.23809523809523814 
-0.2325581395348837 
-0.22727272727272715 
-0.2222222222222222 
-0.21739130434782603 
-0.21276595744680854 
-0.20833333333333331 
-0.20408163265306115 
-0.2 
-0.19607843137254896 
-0.19230769230769235 
-0.18867924528301885 
-0.18518518518518512 
-0.18181818181818182 
-0.17857142857142852 
-0.1754385964912281 
-0.17241379310344826 
-0.16949152542372875 
-0.16666666666666666 
-0.16393442622950816 
-0.16129032258064518 
-0.15873015873015872 
-0.15624999999999994 
-0.15384615384615385 
-0.1515151515151515 
-0.1492537313432836 
-0.14705882352941174 
-0.144927536231884 
-0.14285714285714285 
-0.1408450704225352 
-0.13888888888888884 
-0.136986301369863 
-0.1351351351351351 
-0.13333333333333333 
-0.13157894736842102 
-0.12987012987012983 
-0.1282051282051282 
-0.1265822784810126 
-0.125 
-0.12345679012345677 
-0.12195121951219508 
-0.12048192771084336 
-0.11904761904761901 
-0.11764705882352941 
-0.11627906976744184 
-0.11494252873563214 
-0.11363636363636363 
-0.11235955056179772 
-0.1111111111111111 
-0.10989010989010987 
-0.10869565217391301 
-0.1075268817204301 
-0.10638297872340423 
-0.10526315789473684 
-0.10416666666666666 
-0.1030927835051546 
-0.1020408163265306 
-0.101010101010101 
-0.1 
-0.099009900990099 
-0.09803921568627448 
-0.0970873786407767 
-0.09615384615384613 
-0.09523809523809523 
-0.09433962264150943 
-0.09345794392523361 
-0.09259259259259259 
-0.09174311926605502 
-0.09090909090909091 
-0.09009009009009007 
-0.08928571428571426 
-0.08849557522123894 
-0.08771929824561402 
-0.08695652173913043 
-0.08620689655172413 
-0.08547008547008544 
-0.0847457627118644 
-0.08403361344537813 
-0.08333333333333333 
-0.08264462809917354 
-0.08196721311475408 
-0.08130081300813008 
-0.08064516129032256 
-0.08 
-0.07936507936507936 
-0.07874015748031495 
-0.078125 
-0.07751937984496123 
-0.07692307692307693 
